##FastQC	0.11.9
>>Basic Statistics	pass
#Measure	Value
Filename	HG2-24_S4_R2_001.complete.fastq.gz
File type	Conventional base calls
Encoding	Sanger / Illumina 1.9
Total Sequences	6447734
Sequences flagged as poor quality	0
Sequence length	35-40
%GC	55
>>END_MODULE
>>Per base sequence quality	pass
#Base	Mean	Median	Lower Quartile	Upper Quartile	10th Percentile	90th Percentile
1	30.174591414596197	32.0	32.0	33.0	18.0	34.0
2	30.326970529491447	32.0	32.0	33.0	18.0	34.0
3	30.362590330184215	32.0	32.0	33.0	18.0	34.0
4	30.61275170470742	32.0	32.0	33.0	18.0	34.0
5	30.4380340442084	32.0	32.0	33.0	18.0	34.0
6	33.187931294932454	37.0	33.0	37.0	20.0	37.0
7	33.21350772224785	37.0	33.0	37.0	20.0	37.0
8	33.079151373180096	37.0	33.0	37.0	19.0	37.0
9	33.1693591888251	37.0	33.0	37.0	29.0	37.0
10	33.05284662797814	37.0	33.0	37.0	19.0	37.0
11	33.029385052174916	35.0	33.0	37.0	29.0	37.0
12	32.932978469645306	35.0	33.0	37.0	19.0	37.0
13	34.8113161926345	38.0	36.0	38.0	29.0	38.0
14	34.731927371693686	38.0	36.0	38.0	19.0	38.0
15	34.76432650602522	38.0	36.0	38.0	20.0	38.0
16	34.64194909405382	38.0	36.0	38.0	19.0	38.0
17	34.60281999846768	38.0	36.0	38.0	18.0	38.0
18	34.61214839197771	38.0	36.0	38.0	19.0	38.0
19	34.63149038096174	38.0	36.0	38.0	19.0	38.0
20	34.64689160564006	38.0	36.0	38.0	19.0	38.0
21	34.66257122269622	38.0	36.0	38.0	19.0	38.0
22	34.66148882692741	38.0	36.0	38.0	19.0	38.0
23	35.059609003721306	38.0	36.0	39.0	19.0	39.0
24	35.02759450064162	38.0	36.0	39.0	19.0	39.0
25	34.955127956581336	38.0	36.0	39.0	18.0	39.0
26	34.9357385090638	38.0	36.0	39.0	19.0	39.0
27	34.97037269217372	38.0	36.0	39.0	19.0	39.0
28	34.96057467631264	38.0	36.0	39.0	19.0	39.0
29	34.95147597590099	38.0	36.0	39.0	18.0	39.0
30	34.88748698379927	38.0	36.0	39.0	18.0	39.0
31	34.93926858645223	38.0	36.0	39.0	18.0	39.0
32	34.914756098809285	38.0	36.0	39.0	18.0	39.0
33	34.877868565917886	38.0	36.0	39.0	18.0	39.0
34	34.87172066961819	38.0	36.0	39.0	18.0	39.0
35	34.79717727189118	38.0	36.0	39.0	18.0	39.0
36	35.40672405479059	38.0	36.0	39.0	30.0	39.0
37	35.35930989927111	38.0	36.0	39.0	29.0	39.0
38	35.32470363849861	38.0	36.0	39.0	29.0	39.0
39	35.287838327835146	38.0	36.0	39.0	29.0	39.0
40	34.94295135681058	38.0	36.0	39.0	18.0	39.0
>>END_MODULE
>>Per tile sequence quality	pass
#Tile	Base	Mean
1101	1	-0.18815581918168078
1101	2	-0.09376351249514414
1101	3	-0.11895207552250397
1101	4	-0.06728924254573343
1101	5	-0.13537788372229898
1101	6	-0.12847408707860808
1101	7	-0.08397589395683269
1101	8	-0.04054675322540646
1101	9	-0.05572445846814844
1101	10	0.025121616208267028
1101	11	-0.03256830354165885
1101	12	-0.004861474645608155
1101	13	-0.0626217527030164
1101	14	-0.11658388278663523
1101	15	-0.12673190532600387
1101	16	0.018097961792754802
1101	17	-0.35611931309360045
1101	18	-0.012775386789677157
1101	19	-0.1191676803448587
1101	20	-0.05060815502993421
1101	21	-0.08125894023661573
1101	22	-0.06300265223225665
1101	23	-0.051219244623460725
1101	24	-0.1319788048007453
1101	25	-0.031739383300553925
1101	26	-0.05243047824796321
1101	27	-0.03351220296902824
1101	28	-0.2755544656007345
1101	29	-0.10183344993637178
1101	30	-0.014943836825658252
1101	31	-0.1280886872905782
1101	32	-0.030963594285154272
1101	33	-0.011322713576113586
1101	34	-0.14942927406335826
1101	35	-0.07917083024738503
1101	36	-0.06981589556661305
1101	37	0.04429393231659162
1101	38	-0.019382609613437296
1101	39	0.034713408730198125
1101	40	-0.18665369707927226
1102	1	-0.1981499761059098
1102	2	-0.15760107874358908
1102	3	-0.23004663079595034
1102	4	-0.18673740141168338
1102	5	-0.2126631877472427
1102	6	-0.23107846043249225
1102	7	-0.11075847990918675
1102	8	-0.19984714708446205
1102	9	-0.07338016124204216
1102	10	-0.14161701818994743
1102	11	-0.10978108052061941
1102	12	-0.10740154639587018
1102	13	-0.15484816991387618
1102	14	-0.04091345056486517
1102	15	-0.08185063565564121
1102	16	-0.12410263308312608
1102	17	-0.28982645230038884
1102	18	-0.02335479782296801
1102	19	-0.13795438535468207
1102	20	-0.1279363443914292
1102	21	-0.14928403303783
1102	22	-0.11846791892315878
1102	23	-0.10521070995452675
1102	24	-0.19917135806488773
1102	25	-0.305651960655112
1102	26	-0.21510336801131302
1102	27	-0.04173760621713285
1102	28	-0.33115096779688713
1102	29	-0.1931566584268083
1102	30	-0.14202738674666193
1102	31	-0.10458950197312333
1102	32	-0.15836520637798657
1102	33	-0.11739796546121539
1102	34	-0.264443356271002
1102	35	-0.09095079407108386
1102	36	-0.0484586331749739
1102	37	-0.06641396162641655
1102	38	-0.043157949022031517
1102	39	-0.08432463206322893
1102	40	-0.18821616219155857
1103	1	-0.2501040501188072
1103	2	-0.14804268536166632
1103	3	-0.16358161727211495
1103	4	-0.24339126688908053
1103	5	-0.12013106433276732
1103	6	-0.18113523990103175
1103	7	-0.2837216455194138
1103	8	-0.2839287649896107
1103	9	-0.18943498612039633
1103	10	-0.14534897780426093
1103	11	-0.1494491098945332
1103	12	-0.12519365095268142
1103	13	-0.20028826241279063
1103	14	0.003673917551914485
1103	15	-0.1424028417960841
1103	16	-0.1267034768604418
1103	17	-0.426898111430873
1103	18	-0.02080350703638345
1103	19	-0.163636255154195
1103	20	-0.18012510687431416
1103	21	-0.26816303426977584
1103	22	2.4421942654839768E-6
1103	23	-0.17446325126589812
1103	24	-0.1363417790588386
1103	25	-0.38083692407536773
1103	26	-0.14752857396593555
1103	27	-0.29398469669951766
1103	28	-0.4423833231468919
1103	29	-0.35013124187197775
1103	30	-0.10169658612174004
1103	31	-0.2633578004473023
1103	32	-0.11236919126432099
1103	33	-0.1507295782045901
1103	34	-0.1599870282852578
1103	35	-0.10806808324719697
1103	36	-0.16592927716212813
1103	37	-0.09057991819802425
1103	38	-0.137407601130775
1103	39	-0.196354523843965
1103	40	-0.13769137359998496
1104	1	-0.2802789600881326
1104	2	-0.1716086324471
1104	3	-0.2374030412392898
1104	4	-0.21383420208347204
1104	5	-0.18165725780127318
1104	6	-0.22913228962407572
1104	7	-0.2866737803371464
1104	8	-0.20763773744820213
1104	9	-0.05360977826389046
1104	10	-0.16029468368276412
1104	11	-0.09918497647606017
1104	12	-0.23236232961568248
1104	13	-0.16139063291988975
1104	14	-0.06420313130089284
1104	15	-0.15559677697528684
1104	16	-0.16386998748507153
1104	17	-0.16044973578488708
1104	18	-0.1773517233805535
1104	19	-0.06823813739492834
1104	20	-0.1641110658909568
1104	21	-0.08906914399147325
1104	22	-0.23604157813941384
1104	23	-0.2078353177769614
1104	24	-0.24029830369655514
1104	25	-0.13887487519401986
1104	26	-0.18144788707364512
1104	27	-0.16761921217202058
1104	28	-0.2683431944044017
1104	29	-0.11712547745320734
1104	30	-0.06242540620159076
1104	31	-0.18192110129811567
1104	32	-0.16680110381989266
1104	33	-0.13479084774453298
1104	34	-0.16621304375490809
1104	35	-0.16297638804043402
1104	36	-0.1308116059843485
1104	37	-0.10313823225354213
1104	38	-0.13783837964538037
1104	39	-0.15086313711406518
1104	40	-0.24731641475694488
1105	1	-0.18067918959475904
1105	2	-0.13798758591528326
1105	3	-0.15335043546769
1105	4	-0.08791926018541218
1105	5	-0.1446770791568639
1105	6	-0.20622441566352023
1105	7	-0.09631702066131709
1105	8	-0.08129836244131639
1105	9	-0.13661306473048285
1105	10	-0.15769035996171255
1105	11	-0.16887197985386138
1105	12	-0.01796702485152224
1105	13	-0.08594002979216953
1105	14	-0.04128755964078579
1105	15	-0.08076961264588078
1105	16	-0.012504978514805032
1105	17	-0.1095866907310139
1105	18	0.031779971214930924
1105	19	-0.07967858324491317
1105	20	-0.0687961785812945
1105	21	-0.127416762332345
1105	22	-0.13511492388434476
1105	23	-0.20124258748249702
1105	24	-0.008336708421843753
1105	25	-0.10861518946037307
1105	26	-0.14220353088634852
1105	27	-0.06867818239584977
1105	28	0.010003323606959214
1105	29	-0.059632943189974696
1105	30	-0.03819670105956163
1105	31	-0.11569170107877369
1105	32	-0.0820345431335312
1105	33	-0.10844853283070677
1105	34	-0.10895939924689912
1105	35	-0.12133467642948403
1105	36	-0.040097382541190996
1105	37	-0.008893606591122705
1105	38	-0.17418522602303455
1105	39	-0.1562168395078487
1105	40	-0.0602843648005944
1106	1	-0.1933469411365678
1106	2	-0.04123655578067087
1106	3	-0.11322900893521393
1106	4	-0.1137238504415592
1106	5	-0.059363638512984096
1106	6	-0.1522842821233752
1106	7	-0.07804646602224352
1106	8	-0.10103239033931288
1106	9	0.02817138750692294
1106	10	-0.07024180937248303
1106	11	0.058854069874612946
1106	12	-0.024087111626243995
1106	13	-0.0597111669927628
1106	14	6.918540986475818E-4
1106	15	-0.10842364943992777
1106	16	0.02520255305606156
1106	17	-0.03372244953793313
1106	18	0.0032723451808323034
1106	19	-0.016734798043316346
1106	20	-0.1389362417325657
1106	21	-0.03713248988844242
1106	22	-0.08056276638141924
1106	23	-0.07588760517715798
1106	24	-0.15838055816568186
1106	25	-0.04802160722863391
1106	26	0.028500751408941483
1106	27	-0.04183373224488918
1106	28	0.002653896366766162
1106	29	-0.07944283401079844
1106	30	-0.016276577141525195
1106	31	-0.04086471172384876
1106	32	-0.015516096243686661
1106	33	0.1276384784357134
1106	34	-0.04059943507567709
1106	35	-0.024653232685743376
1106	36	-0.022198381678052215
1106	37	0.024918168316851563
1106	38	-0.10361734548715873
1106	39	-0.06627807161133603
1106	40	-0.09594951355027348
1107	1	-0.07299790556633923
1107	2	-0.11785922840216045
1107	3	-0.10611694292403939
1107	4	-0.07637055437613327
1107	5	-0.1076486947636468
1107	6	-0.09864895504522764
1107	7	4.7979743574444456E-4
1107	8	-0.169984724640436
1107	9	-0.04030653794324479
1107	10	-0.05196151746794442
1107	11	-0.06501905107976569
1107	12	-0.1420129334378757
1107	13	-0.09244080070776306
1107	14	-0.09422276997647572
1107	15	-0.07296323661725523
1107	16	0.07463002426359822
1107	17	-0.03174820076777962
1107	18	0.10527294407497578
1107	19	0.04284941984692381
1107	20	-0.009419442081544105
1107	21	-0.029473605494814592
1107	22	0.03766554876118988
1107	23	0.002087750298194635
1107	24	-0.05515804461973772
1107	25	0.04988552274937064
1107	26	0.009776033439038656
1107	27	-0.0672431415847754
1107	28	-0.1940294912051712
1107	29	-0.12131522965135844
1107	30	-0.07032573063236924
1107	31	-0.14089997976553548
1107	32	-0.06781235723725132
1107	33	-0.008072603268857392
1107	34	0.022166369896240212
1107	35	0.01881504374502896
1107	36	0.05057531530987802
1107	37	-0.06510752549450416
1107	38	0.013598748117502168
1107	39	-0.11827450150526886
1107	40	-0.10006203293044535
1108	1	-0.09584210538655213
1108	2	-0.12744586513512246
1108	3	-0.15488590887197518
1108	4	-0.05564895849911622
1108	5	-0.12961222361255054
1108	6	-0.09990807018159131
1108	7	-0.12095109262933335
1108	8	-0.20831337127950178
1108	9	-0.11727419871341027
1108	10	-0.07020727154003481
1108	11	-0.09219318658690412
1108	12	-0.07026992440364666
1108	13	-0.1411225291857363
1108	14	-0.08512228531471067
1108	15	-0.15249331144872258
1108	16	-0.14328590633100902
1108	17	-0.01946756997083554
1108	18	-0.09150721014557206
1108	19	-0.027993094095286608
1108	20	-0.01740830571071683
1108	21	0.035088504170801116
1108	22	0.010287219141375203
1108	23	-0.005427632444643393
1108	24	0.04713828476421611
1108	25	-0.07667350827754404
1108	26	0.003386571931024207
1108	27	-0.08093742872825516
1108	28	-0.1617651073428874
1108	29	-0.028928813793498875
1108	30	-0.20599379771725523
1108	31	-0.050805785975711615
1108	32	-0.10295264084153644
1108	33	-0.14060098318903158
1108	34	-0.1185880771000285
1108	35	-0.10305339811363012
1108	36	-0.14237065599953524
1108	37	-0.002581702377725037
1108	38	-0.07295940679077262
1108	39	-0.014684950092913596
1108	40	-0.1979261386645632
1109	1	-0.06177467907481926
1109	2	-0.03623796624836473
1109	3	-0.06569696747331122
1109	4	-0.05580298330311706
1109	5	-0.05625798885876421
1109	6	-0.10624506437280701
1109	7	-0.03718305733349325
1109	8	-0.04655594380008665
1109	9	-0.11801094659890765
1109	10	-0.03849558962836852
1109	11	-0.043734014620270045
1109	12	-0.06493313129541178
1109	13	-0.08117901395319649
1109	14	-0.1725863967594492
1109	15	-0.025458005013661023
1109	16	-0.17060280150222695
1109	17	-0.030732280520261668
1109	18	-0.027038155672421738
1109	19	-0.07346017570897345
1109	20	-0.03953853618333625
1109	21	-0.04186837700063961
1109	22	-0.02304477110816805
1109	23	-0.035355993829170984
1109	24	0.002568562867743651
1109	25	-0.03552360370404273
1109	26	0.007510112685281456
1109	27	0.024676500731978024
1109	28	0.045851932779783056
1109	29	0.04582492989625564
1109	30	-0.05991967572534662
1109	31	-0.12172206687422005
1109	32	-0.009747047168858103
1109	33	-0.045600731486416635
1109	34	-0.1009970902349977
1109	35	-0.15200708281264497
1109	36	0.016878365249873184
1109	37	0.0724000285066495
1109	38	0.07756087820418855
1109	39	0.007412349304736665
1109	40	0.03539821160827472
1110	1	-0.14248023123559506
1110	2	-0.07428560998500089
1110	3	-0.08180187434311037
1110	4	-0.09810260828738748
1110	5	-0.022598050759327748
1110	6	-0.11606024249253011
1110	7	-0.017396445467859678
1110	8	-0.05155782735176473
1110	9	-0.17220227719294456
1110	10	0.011523613312952818
1110	11	0.004352546498466836
1110	12	0.011833496439848545
1110	13	0.0019796312907018887
1110	14	-0.05656752957732891
1110	15	0.015670114735023333
1110	16	-0.13847438899414044
1110	17	-0.06663901953793783
1110	18	-0.005800595525307983
1110	19	-0.048792685432417215
1110	20	-0.08596087578989398
1110	21	-0.020543269611913217
1110	22	-0.008338705042973515
1110	23	-0.023420208411501164
1110	24	0.031666235282422406
1110	25	-0.03627105651131046
1110	26	0.039755600005207725
1110	27	-0.016071512787370068
1110	28	0.042106941694505906
1110	29	0.031814287099983574
1110	30	-0.1974747078457071
1110	31	-0.04242470814209298
1110	32	-0.19727150177559594
1110	33	-0.06950343319896746
1110	34	0.03461610331579834
1110	35	0.019725154321889704
1110	36	0.030694931993224372
1110	37	0.014183898845701037
1110	38	-0.026063776923201942
1110	39	-0.04414024578769471
1110	40	-0.05460291365381664
1111	1	0.033978017790758486
1111	2	0.02287163724081509
1111	3	0.01378303234391609
1111	4	0.0431698942114771
1111	5	0.08322651367668144
1111	6	0.011123553684939225
1111	7	0.030647237907700742
1111	8	0.04729015242087087
1111	9	-0.20018438502909675
1111	10	0.12896574097037927
1111	11	0.0455333221160501
1111	12	0.06459093342893141
1111	13	0.007563865390913804
1111	14	0.13893275026993024
1111	15	-0.012981831906756724
1111	16	-0.17959296892899346
1111	17	-0.09442931078113048
1111	18	-0.043095948921568095
1111	19	-0.10678773171006384
1111	20	-7.987424006472565E-5
1111	21	-0.07149671721483486
1111	22	-0.048600270661417255
1111	23	-0.092802212751522
1111	24	-0.07774667770269161
1111	25	0.045844108404970996
1111	26	0.09341432849310394
1111	27	0.015475580893500762
1111	28	-0.08434278813326301
1111	29	-0.09943580766933025
1111	30	0.08479221527665004
1111	31	0.07682495818204416
1111	32	-0.17065933296099445
1111	33	0.09303124542790187
1111	34	0.08789838785394011
1111	35	0.07951928428040134
1111	36	-0.06487880941914881
1111	37	0.10200157973420687
1111	38	0.1621821747639487
1111	39	0.08472006629894935
1111	40	0.1185857881785779
1112	1	-0.010180027722238805
1112	2	0.057886052653550735
1112	3	0.06165730447504458
1112	4	-0.06614479237081383
1112	5	-0.0913628575446559
1112	6	-0.029236119015983775
1112	7	-0.05774660472796711
1112	8	-0.05341974883371847
1112	9	0.10171864567325173
1112	10	0.039688930595005445
1112	11	-0.04241175461592661
1112	12	0.008773089053867977
1112	13	0.0462069888439558
1112	14	-0.07419552236282811
1112	15	-0.07062596515476116
1112	16	-0.3181241953487657
1112	17	0.054999894660682
1112	18	-0.047074299350413185
1112	19	-0.18104201505309447
1112	20	-0.21926757832632404
1112	21	-0.06527582752189431
1112	22	-0.07392956636368808
1112	23	-0.09783158746882492
1112	24	-0.16034597516323856
1112	25	0.025000892924083473
1112	26	-0.006143533687620106
1112	27	-0.07097587387085724
1112	28	-0.07669330933573804
1112	29	0.01332853751092955
1112	30	-0.04746826653652647
1112	31	-0.27692322924951895
1112	32	-0.24971867607434461
1112	33	-0.007459130627353261
1112	34	-0.07849563875509347
1112	35	-0.21046587095726466
1112	36	-0.3296558536758596
1112	37	-0.01599466020854834
1112	38	-0.11946006156344424
1112	39	-0.16409850213103283
1112	40	-0.059449097663396344
1113	1	0.02389886826656351
1113	2	0.11992492821964262
1113	3	0.055322684885361184
1113	4	0.08117578540979409
1113	5	0.09733834513356499
1113	6	0.06366982247809716
1113	7	0.013022759824458774
1113	8	0.1813049117196357
1113	9	0.193898651830402
1113	10	0.1110013959951317
1113	11	0.12336182009223506
1113	12	0.13279812704679017
1113	13	0.07604838589384144
1113	14	0.003822549866761449
1113	15	-0.035593248164637714
1113	16	0.18028092593004175
1113	17	0.04156368884124362
1113	18	-0.2588363304385837
1113	19	-0.3398659425901158
1113	20	0.12700698474219507
1113	21	-0.10030506196778077
1113	22	-0.19219494200004306
1113	23	-0.15994780889358395
1113	24	0.07013047473930811
1113	25	-0.0698071375742444
1113	26	0.04710881675649148
1113	27	-0.1325007248076986
1113	28	0.02151324420292866
1113	29	0.08188013757110468
1113	30	0.013928192402225648
1113	31	-0.08036426977197664
1113	32	0.0767666842413135
1113	33	0.05122954838900995
1113	34	-0.07516079364178552
1113	35	-0.062157611355573295
1113	36	0.003133121550440876
1113	37	0.005816637807996017
1113	38	0.0546225483002587
1113	39	-0.252177923368734
1113	40	0.1238783150519609
1114	1	-0.01651292565908591
1114	2	0.08767010603041214
1114	3	0.12354196912764337
1114	4	0.16935263611094697
1114	5	0.06469569621782512
1114	6	-0.010450532746396846
1114	7	0.07000303225871818
1114	8	-0.001625540314449836
1114	9	0.041863992394617355
1114	10	0.10632598600879106
1114	11	0.07570258184958334
1114	12	-0.05246083991251993
1114	13	0.11407051130009904
1114	14	0.13324270246590686
1114	15	0.015725838047515595
1114	16	-0.056506909447840314
1114	17	0.052200041665052765
1114	18	-0.15951215437532085
1114	19	0.14579658462385225
1114	20	-0.1357131367941875
1114	21	-0.019986543331590667
1114	22	-0.09547828246240897
1114	23	-0.12040993384955101
1114	24	-0.06521805537386882
1114	25	-0.038704217800123786
1114	26	-0.05839178076455198
1114	27	0.12988018818986546
1114	28	0.04034562700967825
1114	29	0.05125857850447346
1114	30	0.08626637940246695
1114	31	0.1387942595555316
1114	32	-0.0669098125644112
1114	33	0.08036251786523252
1114	34	0.01150322978629248
1114	35	0.134044067829322
1114	36	-0.04419924438781209
1114	37	0.01959679428152583
1114	38	0.023270059881099314
1114	39	0.10408036443607926
1114	40	-0.2277103687697135
2101	1	0.08944178499907096
2101	2	-0.027547700936572994
2101	3	0.04293720610884577
2101	4	-0.023481670902413043
2101	5	-0.012848117892328759
2101	6	0.08159967535901558
2101	7	0.057969425108950645
2101	8	0.03633857747735192
2101	9	-0.00521596358159826
2101	10	0.03639077921074829
2101	11	0.005641462141944942
2101	12	-0.02401204498409726
2101	13	0.018500514178761307
2101	14	0.06473672107522077
2101	15	-0.10505142256337763
2101	16	0.08318902025082053
2101	17	0.18134052965841363
2101	18	0.18016975443232752
2101	19	0.11991731591732702
2101	20	0.05947957414970517
2101	21	0.12053158719172075
2101	22	0.09728565915196441
2101	23	0.019187120460109952
2101	24	0.04150433559915001
2101	25	-0.06367446031165969
2101	26	0.05985157806477304
2101	27	0.07258203260057883
2101	28	0.0659246442922381
2101	29	-0.010942014877585393
2101	30	0.03950080310101356
2101	31	-0.049697951375776483
2101	32	-0.07277657430215356
2101	33	-0.009254404716493525
2101	34	-0.07107432538261094
2101	35	-0.017037826647289478
2101	36	0.059009884470277996
2101	37	-0.025789748602704776
2101	38	0.020957718877959053
2101	39	-0.0014154776434125438
2101	40	0.044797600493787115
2102	1	0.07342102732145506
2102	2	0.031101874963606946
2102	3	-0.005844488370986056
2102	4	-0.1507007009669472
2102	5	-0.10430101335402853
2102	6	-0.07389099072030803
2102	7	0.031528983122029786
2102	8	-0.03158181686138306
2102	9	-0.013764498554778015
2102	10	0.012805214926743247
2102	11	-0.048430492423335636
2102	12	-0.09567088049202255
2102	13	-0.04248951698427561
2102	14	0.05475723816716993
2102	15	0.05151425974023027
2102	16	0.05678607931959334
2102	17	0.04371766072018346
2102	18	-0.028403308517056303
2102	19	-0.23148488395214883
2102	20	-0.07469516757581829
2102	21	0.07139367384227313
2102	22	-0.015498395407576027
2102	23	0.0702725463908962
2102	24	-0.03709714009045939
2102	25	-0.08980982836764184
2102	26	-0.09429948345459849
2102	27	-0.2199199168455408
2102	28	0.05072551562005145
2102	29	-0.12271872128243899
2102	30	-0.027527187101910044
2102	31	0.02423358517769003
2102	32	-0.07784200226326732
2102	33	-0.03925805385694758
2102	34	-0.01530312253765942
2102	35	0.019231778149972456
2102	36	-0.028600084941018622
2102	37	-0.07438100866959729
2102	38	-0.017929426019783534
2102	39	-0.01171197808501745
2102	40	0.10182114858398705
2103	1	-0.06257585681026967
2103	2	-0.1300694723017486
2103	3	-0.02347676690714806
2103	4	-0.05847114483022864
2103	5	-0.07777786735529446
2103	6	-0.006056822770595716
2103	7	-0.11213015311867025
2103	8	-0.1374812233108571
2103	9	-0.10425298330833499
2103	10	-0.06423661779016498
2103	11	-0.10742746960699634
2103	12	-0.11806814093699813
2103	13	-0.019015686631547624
2103	14	-0.017495833386625748
2103	15	-0.1121534083674618
2103	16	-0.009554911735001781
2103	17	0.04935162565701745
2103	18	-0.18855808880830693
2103	19	-0.12638313047332872
2103	20	-0.09492036343257126
2103	21	-0.06648391351550487
2103	22	-0.025661668729959786
2103	23	-0.038466508332739124
2103	24	-0.026685448304242243
2103	25	-0.16702512789363055
2103	26	-0.16842552188600024
2103	27	-0.21458388608483148
2103	28	-0.024589346826900282
2103	29	-0.15824403336627313
2103	30	-0.09844501422855245
2103	31	-0.2010316521384965
2103	32	-0.07939958965310012
2103	33	-0.04721955778705933
2103	34	-0.0049029505133191265
2103	35	-0.0276091147824431
2103	36	-0.019235482562393713
2103	37	-0.026063654270899406
2103	38	0.024258521684558332
2103	39	0.10180041458314548
2103	40	0.05251825803166099
2104	1	0.10993911617435614
2104	2	-0.035373428942410357
2104	3	-0.02315903309952816
2104	4	0.05628844529063315
2104	5	0.03276907606737467
2104	6	0.06799856548277461
2104	7	-0.05129478184255021
2104	8	0.01718802362717753
2104	9	0.027847899912494256
2104	10	-0.14947643818172196
2104	11	-0.036371646817066505
2104	12	0.09825199124296091
2104	13	0.1151436030190709
2104	14	-0.01061213423413676
2104	15	0.03244646430322007
2104	16	0.10762385121688567
2104	17	0.10047417844141648
2104	18	0.0032486232657475966
2104	19	-0.03446559473353972
2104	20	0.09375911700990969
2104	21	-0.006882929239665714
2104	22	0.06184111028293415
2104	23	0.001989687687043329
2104	24	0.07118549096843196
2104	25	0.170920608932164
2104	26	-0.05095538364274432
2104	27	0.009135662670843203
2104	28	0.07669388343031613
2104	29	0.10576353902280289
2104	30	-0.04450664768180701
2104	31	0.08046037462086986
2104	32	0.12800614286101109
2104	33	0.0946161233911127
2104	34	0.10085213255390357
2104	35	0.1191050814259711
2104	36	0.027440868801541285
2104	37	-0.028681594698042545
2104	38	-0.03317318867716068
2104	39	0.005231123324868747
2104	40	0.01598695814244877
2105	1	-0.08230807553830033
2105	2	-0.24582909959991994
2105	3	-0.011582133470678713
2105	4	-0.06115763632327642
2105	5	-0.10058015830738043
2105	6	-0.10399908392408719
2105	7	-0.07071265603419619
2105	8	-0.08604246605383992
2105	9	-0.14080433380571122
2105	10	-0.2250503297578348
2105	11	-0.11130614447409215
2105	12	-0.04998549783998385
2105	13	-0.10376467908377407
2105	14	-0.24483598171569554
2105	15	-0.014220506376332764
2105	16	-0.01967112888574718
2105	17	-0.15298132138013187
2105	18	-0.21327977844054402
2105	19	-0.15916430984006524
2105	20	-0.10357989217807528
2105	21	-0.20786149800586173
2105	22	-0.12225936836227191
2105	23	-0.03633507542652126
2105	24	0.0382350869916408
2105	25	-0.09113420504849046
2105	26	-0.2191890235875391
2105	27	-0.13758785745125834
2105	28	-0.047460996265847655
2105	29	0.012702524092773615
2105	30	-0.25031705722523157
2105	31	-0.0934038936226429
2105	32	-0.004689050162305364
2105	33	-0.2551560420414347
2105	34	-0.1542012925091072
2105	35	-0.04805112719731852
2105	36	0.06336682545569516
2105	37	-0.19090067272739475
2105	38	-0.2562970374933258
2105	39	-0.05103425929882377
2105	40	0.0598748288826485
2106	1	0.051642180850418384
2106	2	-8.306127984987199E-4
2106	3	9.345579902237944E-4
2106	4	0.09979118167137102
2106	5	0.07611431146372993
2106	6	0.17184783041698637
2106	7	0.22396161426386385
2106	8	0.12367955075954029
2106	9	0.051970127544855416
2106	10	0.042178933342235325
2106	11	0.06218329388907051
2106	12	0.15843408148722915
2106	13	0.21012920979099903
2106	14	0.11917850923448015
2106	15	0.2727340011199928
2106	16	0.2710007286925631
2106	17	0.26628672427595035
2106	18	0.21872144860945042
2106	19	0.18181719961478393
2106	20	0.1587673041240194
2106	21	0.08259224072096316
2106	22	0.19272511476993515
2106	23	0.19602739353896226
2106	24	0.15125290845710282
2106	25	0.2123068130177117
2106	26	0.06159755839487957
2106	27	0.1546294131890349
2106	28	0.1363505745757223
2106	29	0.17673128589289888
2106	30	0.06351084806784257
2106	31	0.16767406464742862
2106	32	0.19428253911427618
2106	33	0.11419430000515263
2106	34	0.15101029897076046
2106	35	0.02912130497579568
2106	36	-0.016886452252308004
2106	37	0.1938788870145416
2106	38	0.15538352344702844
2106	39	0.16445491786048905
2106	40	0.15402122775602578
2107	1	0.14311268293243984
2107	2	0.01041125382513286
2107	3	0.1700260493733765
2107	4	0.10235918022070578
2107	5	0.12408103330722753
2107	6	0.12352735997433228
2107	7	0.05652595063835264
2107	8	0.021059457551800165
2107	9	-0.024240079199721265
2107	10	0.027834882731845312
2107	11	0.0012544474284084117
2107	12	0.08069493082242474
2107	13	0.149897029261858
2107	14	0.0045996229693443524
2107	15	0.08870930716476266
2107	16	0.26175183239865163
2107	17	0.15105632438408634
2107	18	0.10675240923111318
2107	19	0.12841110751964635
2107	20	0.04025717940631779
2107	21	-0.08130706313484382
2107	22	0.05831479956099628
2107	23	0.1715829883973683
2107	24	0.19076657641831218
2107	25	0.09745496733709302
2107	26	0.089797270038396
2107	27	0.07350207563359135
2107	28	0.16057211993857834
2107	29	0.15080484742108524
2107	30	0.21888177907837303
2107	31	0.09445794182470024
2107	32	-2.9027451637375634E-4
2107	33	-0.03150368917965096
2107	34	0.10234571602148179
2107	35	-0.00955731541018423
2107	36	0.08242584750639992
2107	37	0.09326718503296405
2107	38	0.18592350392049894
2107	39	0.18585042568614796
2107	40	0.15747694755575736
2108	1	0.07752762568915728
2108	2	0.09616431522831093
2108	3	0.11473656294576173
2108	4	0.033489625569320225
2108	5	0.06924077306338461
2108	6	0.054318115993048366
2108	7	0.043752666909306015
2108	8	0.03579225374356554
2108	9	0.11484545782570166
2108	10	0.054658010196646956
2108	11	0.038363496459105306
2108	12	0.003471448837039759
2108	13	0.02749629591887981
2108	14	-0.05505078828525711
2108	15	0.03713442451930149
2108	16	0.14427775582291957
2108	17	0.021742082270108654
2108	18	-0.11271798990831172
2108	19	0.06794265431224744
2108	20	0.13982224840739121
2108	21	0.13147140259870582
2108	22	0.04523827922341184
2108	23	0.04157703802667356
2108	24	0.10163699235458523
2108	25	0.08797082695122782
2108	26	0.03864534617455462
2108	27	0.11204189397752629
2108	28	0.08191590305203533
2108	29	0.12716007561690645
2108	30	0.049170059349762596
2108	31	0.1530660554142429
2108	32	0.10305015280243879
2108	33	-0.027300011385968048
2108	34	0.03808564372358347
2108	35	-0.20011016381511126
2108	36	0.13337060266292156
2108	37	0.005480049363725925
2108	38	0.14677547538994418
2108	39	-0.07728419740261927
2108	40	0.1348587132307486
2109	1	0.1501785734816785
2109	2	0.01493501647914286
2109	3	0.11184019846292514
2109	4	0.10570771533055279
2109	5	-0.014150916589279916
2109	6	0.10390359937214555
2109	7	0.044324203988153954
2109	8	0.1061896091774841
2109	9	0.022661047901394227
2109	10	-0.06870096902167688
2109	11	-0.06414305475089321
2109	12	-0.007959684530781885
2109	13	0.005699047402821122
2109	14	-0.23630556836724992
2109	15	-0.027133694624382088
2109	16	0.06562646720963983
2109	17	-0.0338258613400626
2109	18	-0.02510466766005237
2109	19	0.12087685273478144
2109	20	0.010130622534546774
2109	21	0.061336916459879376
2109	22	0.014550829132438992
2109	23	0.02514069775800465
2109	24	0.12128472682753255
2109	25	0.14884521987591626
2109	26	-0.03305016917430237
2109	27	0.15134144874263455
2109	28	0.20439794979447612
2109	29	0.054718974753178884
2109	30	0.020599358389979727
2109	31	0.15197390287743673
2109	32	0.07919340140036013
2109	33	-0.12805325361411235
2109	34	0.10249178146732874
2109	35	0.032748438369793575
2109	36	0.13834717067904734
2109	37	-0.1425638223702279
2109	38	-0.1257897250292217
2109	39	-0.0822168321110226
2109	40	0.049317353830140576
2110	1	0.07990930985296174
2110	2	0.03396703206525942
2110	3	0.1341631476873637
2110	4	0.13449903441556899
2110	5	0.003640613117102731
2110	6	0.10890019969900067
2110	7	0.0847830954183948
2110	8	0.14346650751223677
2110	9	-0.021554561091541302
2110	10	-2.479767765635188E-4
2110	11	0.04069688295486884
2110	12	0.04790488957502248
2110	13	-0.057163398531493215
2110	14	-0.09630698591222853
2110	15	0.08706468693060998
2110	16	0.032501003243439186
2110	17	-0.012095048752840398
2110	18	-0.03650115072336746
2110	19	0.15541261312134225
2110	20	0.03534316548894623
2110	21	-0.006099446302883393
2110	22	-0.02454347980421545
2110	23	0.19101857860376725
2110	24	0.038283146150959624
2110	25	0.02149526659839296
2110	26	-0.01846773925784362
2110	27	0.08243721435977136
2110	28	0.08903976582104178
2110	29	-0.06817055911197656
2110	30	-0.07481087847830281
2110	31	0.0601028040439715
2110	32	0.05900323637922611
2110	33	-0.08134759262166824
2110	34	0.06427371010986604
2110	35	0.11071976710421438
2110	36	0.089040360639558
2110	37	-0.05307646304537883
2110	38	-0.014859939821171508
2110	39	0.1517060344169252
2110	40	0.16645415561104215
2111	1	0.22716551593790868
2111	2	0.21657331277279468
2111	3	0.20245159351492603
2111	4	0.16434270340117862
2111	5	0.20800178766679167
2111	6	0.19953476982180973
2111	7	0.08525050827712022
2111	8	0.19527869234003248
2111	9	0.17225441091874671
2111	10	0.16129811636910318
2111	11	0.08273735885752842
2111	12	-0.0016776179500084254
2111	13	0.09418746519112631
2111	14	0.23346428994210555
2111	15	0.16531980343781782
2111	16	0.019327737618688445
2111	17	0.11271546837333801
2111	18	0.2356462297871147
2111	19	0.2024456383594
2111	20	0.23807654530362043
2111	21	0.16747289543700816
2111	22	0.18652704240844997
2111	23	0.21105273136807057
2111	24	0.009860351832578829
2111	25	0.07801307928079382
2111	26	0.15096470355015867
2111	27	0.1373055620449577
2111	28	0.15235169529722725
2111	29	0.03276589721698997
2111	30	0.12900786504953743
2111	31	0.11290781872585143
2111	32	0.19908251657735576
2111	33	0.032152286942356056
2111	34	0.16596175274457892
2111	35	0.09004578512335115
2111	36	-0.02639439521887965
2111	37	-0.16820342588953707
2111	38	0.1030875290459079
2111	39	0.13737597511374133
2111	40	0.07964522794261342
2112	1	0.23550249058082073
2112	2	0.19621153728973084
2112	3	0.034212178772271784
2112	4	0.08434249855600484
2112	5	0.16063053356985435
2112	6	0.1867304394829432
2112	7	0.0320969668431772
2112	8	0.20666826572618646
2112	9	0.20991611390478937
2112	10	0.10137738245730077
2112	11	0.08881357882824403
2112	12	0.07538559351699803
2112	13	0.23675114163923894
2112	14	0.20999282521898976
2112	15	0.1094041377553836
2112	16	0.01988938233673565
2112	17	0.2047791688714895
2112	18	0.08527162514082676
2112	19	0.15914566373835726
2112	20	0.06434744693378747
2112	21	0.15583356328770748
2112	22	0.16193208634089729
2112	23	0.02858442026027319
2112	24	-0.03860705705704959
2112	25	0.26030594673795093
2112	26	0.22317824407129194
2112	27	0.14452942710242667
2112	28	0.18313160631090142
2112	29	0.16373905377126619
2112	30	0.18503659021661178
2112	31	0.15692739278352974
2112	32	0.17437687436575544
2112	33	0.17660104009007682
2112	34	0.07107584742238515
2112	35	0.12762619063988723
2112	36	0.05125587908784013
2112	37	0.11057401397511768
2112	38	-0.06475474204922449
2112	39	0.12559025792626244
2112	40	-0.020045941083743912
2113	1	0.19618250586923835
2113	2	0.31950979215187303
2113	3	0.2702111768873259
2113	4	0.209446321915415
2113	5	0.282314579774134
2113	6	0.33656608248880104
2113	7	0.309028686328908
2113	8	0.3987489216303217
2113	9	0.3234755971665706
2113	10	0.29170197160879496
2113	11	0.2560085773282452
2113	12	0.22475223364602925
2113	13	0.07294398995638574
2113	14	0.19644555769539096
2113	15	0.19855115103980125
2113	16	0.1324642187770806
2113	17	0.27182408367354327
2113	18	0.2136885659209682
2113	19	0.28789176751269707
2113	20	0.30645245330804727
2113	21	0.3142665585751345
2113	22	0.2533717608458659
2113	23	0.1680099398769883
2113	24	0.2946998173299349
2113	25	0.2951996867114062
2113	26	0.335343161258173
2113	27	0.31904659183469164
2113	28	0.3259322802271143
2113	29	0.2611890566157413
2113	30	0.21905900875779594
2113	31	0.2688432644435679
2113	32	0.3224691709101819
2113	33	0.30210585813181723
2113	34	0.30883241206240797
2113	35	0.30911045513510516
2113	36	0.3105868757051411
2113	37	0.21083490619122358
2113	38	0.24097085849550126
2113	39	0.2173048822283974
2113	40	0.1798970561827602
2114	1	0.3434870434722832
2114	2	0.3384921761731938
2114	3	0.15330926211876417
2114	4	0.2748112513134373
2114	5	0.3689547372530342
2114	6	0.26310464183885074
2114	7	0.3235331492353808
2114	8	0.1878488942880452
2114	9	0.17794988126447464
2114	10	0.1926969852417031
2114	11	0.2873888269434062
2114	12	0.23203301877398985
2114	13	0.08535796073343249
2114	14	0.24275128162927473
2114	15	0.250175863282621
2114	16	-0.02965525481221931
2114	17	0.26646989443713665
2114	18	0.2878911766582988
2114	19	0.3023425858246469
2114	20	0.23765362340441953
2114	21	0.3299213138145731
2114	22	0.14299739768922137
2114	23	0.29932478502214366
2114	24	0.1251529199358643
2114	25	0.18912014588170223
2114	26	0.19880639736904016
2114	27	0.16060238288756068
2114	28	0.2168020860385198
2114	29	0.20139605965532326
2114	30	0.34260235817720286
2114	31	0.40552061843111176
2114	32	0.32988787599274616
2114	33	0.3410877261127112
2114	34	0.24724144144320803
2114	35	0.3273911647120542
2114	36	0.09340610545249461
2114	37	0.1651239156366131
2114	38	0.13828487516067156
2114	39	0.15083585165695013
2114	40	0.10137622766193033
>>END_MODULE
>>Per sequence quality scores	pass
#Quality	Count
2	106400.0
3	0.0
4	0.0
5	0.0
6	0.0
7	0.0
8	0.0
9	0.0
10	0.0
11	0.0
12	0.0
13	1.0
14	9.0
15	53.0
16	272.0
17	1337.0
18	4716.0
19	11724.0
20	20919.0
21	31678.0
22	43093.0
23	55319.0
24	69551.0
25	85219.0
26	103371.0
27	122412.0
28	143556.0
29	166671.0
30	192799.0
31	226053.0
32	269009.0
33	334131.0
34	443811.0
35	670843.0
36	1418436.0
37	1925997.0
38	354.0
>>END_MODULE
>>Per base sequence content	fail
#Base	G	A	T	C
1	41.41259552012242	17.03017062340511	12.641314903141831	28.91591895333064
2	20.7743512642608	15.933303623496256	31.121622043563708	32.170723068679244
3	19.562886925684722	17.434643877770828	26.169651369885266	36.83281782665919
4	15.972396344365396	14.161499772760747	30.26186603638919	39.60423784648467
5	18.469631153318844	31.945865018306876	30.798551219664503	18.785952608709778
6	39.173918295424905	30.301542230704136	13.65998069175981	16.864558782111146
7	34.33827961119852	26.406888519040315	17.29752761800593	21.95730425175523
8	30.127525217880024	29.62490226819783	16.76535252677118	23.48221998715097
9	26.753929062875415	12.998668734370403	17.376107298558946	42.87129490419524
10	18.63114291093956	26.323041807922433	29.45787116717082	25.587944113967186
11	41.05396435513411	17.725592123045402	17.754119243679643	23.466324278140846
12	25.24908796792599	21.510489748686947	23.74426264252916	29.4961596408579
13	34.35280336913337	16.850476571648805	19.701343597419722	29.0953764617981
14	24.945429463264354	17.688833295959494	21.2963234549702	36.069413785805956
15	29.036161791824878	23.958113545194117	18.43378696028312	28.571937702697888
16	28.479622741839496	23.05659976276285	20.70669988365224	27.757077611745416
17	27.21184533096664	22.72737881335378	22.310132221390642	27.750643634288934
18	27.04834660971966	22.64253862042277	22.319026249051067	27.990088520806506
19	27.48180430174471	22.162150739891636	22.577158055387084	27.77888690297657
20	27.653723964074434	22.700349800215537	22.35464966835054	27.291276567359485
21	27.836808469637457	22.10536458101718	21.812334754800805	28.245492194544553
22	27.82089699107475	22.128151584508874	21.887129742732363	28.16382168168401
23	28.041087253880647	22.32000396131161	21.613338770675067	28.025570014132672
24	28.02590117473705	22.23592070690489	21.650838766732676	28.087339351625385
25	28.36411076912208	22.061919463633362	21.6561688755079	27.91780089173666
26	27.68731311108987	22.041513662582666	21.854628694845594	28.416544531481865
27	27.50074353440459	22.05791399727565	21.98690370196555	28.454438766354208
28	27.3537870738239	22.140120674924233	22.200628448209795	28.305463803042073
29	27.50098007769343	22.24680169819158	22.193595227754916	28.05862299636007
30	27.674571312597635	22.234091438804516	21.92871405291063	28.162623195687214
31	28.336419434775078	22.081237165555386	21.61829041018814	27.96405298948139
32	27.767539794475972	22.295473087088677	21.7394677962461	28.197519322189258
33	27.757293210501643	22.138743404295326	21.929144638921645	28.17481874628139
34	27.905346757306415	21.90403743236614	22.195803249076114	27.994812561251337
35	27.725623948665014	22.014066534525153	22.013782336593295	28.24652718021654
36	27.681094989317423	22.25081137469751	21.77098491501778	28.29710872096729
37	27.73615112959755	22.16568385010462	22.115806095137998	27.98235892515983
38	28.131653692765784	22.947349569147097	22.448634104621092	26.47236263346603
39	30.241331091775315	24.96417101763548	21.990103437254998	22.804394453334208
40	40.88650284461055	35.7999208271827	23.31357632820675	0.0
>>END_MODULE
>>Per sequence GC content	pass
#GC Content	Count
0	106402.0
1	53202.5
2	3.0
3	3.0
4	6.5
5	10.0
6	40.0
7	72.0
8	74.0
9	139.0
10	204.0
11	337.0
12	503.0
13	537.5
14	885.5
15	1243.5
16	1850.0
17	2591.5
18	2752.5
19	3908.0
20	5154.5
21	6750.5
22	8763.5
23	9342.5
24	12473.0
25	15783.0
26	19843.0
27	25104.0
28	27168.5
29	34804.0
30	42814.0
31	53759.0
32	66798.5
33	71043.0
34	86156.0
35	106206.5
36	132990.0
37	158658.5
38	165694.5
39	191761.0
40	225601.5
41	261940.0
42	300722.0
43	317744.0
44	347831.5
45	386028.5
46	424536.5
47	461929.5
48	473663.0
49	485913.5
50	505205.0
51	519248.5
52	526251.0
53	532751.5
54	537243.5
55	536405.0
56	525827.5
57	514265.0
58	511177.0
59	491313.5
60	469462.0
61	442501.5
62	418717.5
63	410731.0
64	384082.0
65	355612.5
66	328268.0
67	306096.5
68	295663.0
69	271920.5
70	253666.0
71	232152.0
72	210263.0
73	201076.5
74	182872.5
75	169373.0
76	150471.5
77	132679.0
78	123857.5
79	106707.5
80	96043.5
81	80195.0
82	65578.5
83	58889.5
84	46128.5
85	39036.5
86	29688.5
87	20803.0
88	17646.0
89	11962.0
90	9252.5
91	6200.0
92	3274.0
93	2989.5
94	1797.5
95	890.0
96	539.0
97	188.0
98	188.0
99	138.5
100	89.0
>>END_MODULE
>>Per base N content	pass
#Base	N-Count
1	1.6501921450233523
2	1.6501921450233523
3	1.6501921450233523
4	1.6501921450233523
5	1.6501921450233523
6	1.6501921450233523
7	1.6501921450233523
8	1.6501921450233523
9	1.6501921450233523
10	1.6501921450233523
11	1.6501921450233523
12	1.6501921450233523
13	1.6501921450233523
14	1.6501921450233523
15	1.6501921450233523
16	1.6501921450233523
17	1.6501921450233523
18	1.6501921450233523
19	1.6501921450233523
20	1.6501921450233523
21	1.6501921450233523
22	1.6501921450233523
23	1.6501921450233523
24	1.6501921450233523
25	1.6501921450233523
26	1.6501921450233523
27	1.6501921450233523
28	1.6501921450233523
29	1.6501921450233523
30	1.6501921450233523
31	1.6501921450233523
32	1.6589859321119635
33	1.6750380831467304
34	1.7078403048264708
35	1.769924131485573
36	0.0
37	0.0
38	0.0
39	0.0
40	0.0
>>END_MODULE
>>Sequence Length Distribution	warn
#Length	Count
35	124823.0
36	35539.0
37	167650.0
38	490899.0
39	1761334.0
40	3867489.0
>>END_MODULE
>>Sequence Duplication Levels	pass
#Total Deduplicated Percentage	77.54980689410847
#Duplication Level	Percentage of deduplicated	Percentage of total
1	90.74214918383365	70.37036146362684
2	6.982143336818071	10.829277349544553
3	1.2094162066460659	2.813699798400228
4	0.38239102799187324	1.1861740151523759
5	0.14965146286860256	0.5802721023440486
6	0.09618562405313218	0.44755059427858296
7	0.0516414491797572	0.2803349088135461
8	0.03333716843771607	0.20682327797929995
9	0.030304774013847527	0.2115116435469125
>10	0.2412687426894983	4.013789769281083
>50	0.047665504617933306	2.597394831518387
>100	0.03328452270072502	4.548537339466787
>500	5.209249956005255E-4	0.24406385240774675
>1k	2.0035576753866363E-5	0.017013618435604956
>5k	0.0	0.0
>10k+	2.0035576753866363E-5	1.6531954352039886
>>END_MODULE
>>Overrepresented sequences	fail
#Sequence	Count	Percentage	Possible Source
NNNNNNNNNNNNNNNNNNNNNNNNNNNNNNNNNNN	106400	1.6501921450233523	No Hit
>>END_MODULE
>>Adapter Content	pass
#Position	Illumina Universal Adapter	Illumina Small RNA 3' Adapter	Illumina Small RNA 5' Adapter	Nextera Transposase Sequence	SOLID Small RNA Adapter
1	0.0	0.0	0.0	0.021744073189123497	0.0
2	0.0	0.0	0.0	0.021961203734521307	0.0
3	0.0	0.0	0.0	0.021961203734521307	0.0
4	0.0	0.0	0.0	0.0234656082276347	0.0
5	0.0	1.550932467127211E-5	0.0	0.02352764552631979	1.550932467127211E-5
6	1.550932467127211E-5	1.550932467127211E-5	0.0	0.023589682825004878	1.550932467127211E-5
7	1.550932467127211E-5	1.550932467127211E-5	0.0	0.023651720123689966	1.550932467127211E-5
8	1.550932467127211E-5	1.550932467127211E-5	0.0	0.023713757422375054	1.550932467127211E-5
9	1.550932467127211E-5	1.550932467127211E-5	0.0	0.024148018513170673	3.101864934254422E-5
10	1.550932467127211E-5	1.550932467127211E-5	0.0	0.024365149058568483	3.101864934254422E-5
11	1.550932467127211E-5	3.101864934254422E-5	0.0	0.024458205006596116	3.101864934254422E-5
12	1.550932467127211E-5	3.101864934254422E-5	0.0	0.025171633941474633	3.101864934254422E-5
13	1.550932467127211E-5	3.101864934254422E-5	0.0	0.02523367124015972	4.652797401381633E-5
14	1.550932467127211E-5	3.101864934254422E-5	0.0	0.028475120096455593	4.652797401381633E-5
15	1.550932467127211E-5	3.101864934254422E-5	0.0	0.028521648070469408	7.754662335636054E-5
16	1.550932467127211E-5	3.101864934254422E-5	0.0	0.02859919469382577	7.754662335636054E-5
17	1.550932467127211E-5	3.101864934254422E-5	0.0	0.02859919469382577	7.754662335636054E-5
18	1.550932467127211E-5	3.101864934254422E-5	0.0	0.028614704018497042	7.754662335636054E-5
19	1.550932467127211E-5	3.101864934254422E-5	0.0	0.028614704018497042	9.305594802763266E-5
20	1.550932467127211E-5	3.101864934254422E-5	0.0	0.028614704018497042	9.305594802763266E-5
21	1.550932467127211E-5	6.203729868508844E-5	0.0	0.028630213343168315	9.305594802763266E-5
22	1.550932467127211E-5	6.203729868508844E-5	1.550932467127211E-5	0.028630213343168315	9.305594802763266E-5
23	1.550932467127211E-5	6.203729868508844E-5	1.550932467127211E-5	0.028645722667839584	1.2407459737017688E-4
24	3.101864934254422E-5	6.203729868508844E-5	1.550932467127211E-5	0.028645722667839584	1.2407459737017688E-4
25	3.101864934254422E-5	6.203729868508844E-5	1.550932467127211E-5	0.028645722667839584	1.2407459737017688E-4
26	3.101864934254422E-5	6.203729868508844E-5	1.550932467127211E-5	0.028645722667839584	1.2407459737017688E-4
27	3.101864934254422E-5	6.203729868508844E-5	1.550932467127211E-5	0.028645722667839584	1.2407459737017688E-4
28	4.652797401381633E-5	6.203729868508844E-5	1.550932467127211E-5	0.028645722667839584	1.2407459737017688E-4
29	4.652797401381633E-5	6.203729868508844E-5	1.550932467127211E-5	0.028645722667839584	1.2407459737017688E-4
>>END_MODULE
